-0.011764705882353
0.035294117647059
0.074509803921569
-0.011764705882353
-0.003921568627451
0.058823529411765
0.082352941176471
-0.019607843137255
-0.003921568627451
0.074509803921569
0.027450980392157
0.019607843137255
-0.082352941176471
-0.066666666666667
0.027450980392157
-0.003921568627451
-0.050980392156863
-0.011764705882353
-0.011764705882353
0.027450980392157
0.129411764705882
0.019607843137255
-0.019607843137255
0.105882352941177
0.050980392156863
-0.011764705882353
-0.003921568627451
0.058823529411765
0.050980392156863
-0.011764705882353
-0.003921568627451
0.003921568627451
0.003921568627451
0.011764705882353
-0.082352941176471
-0.105882352941177
0.019607843137255
0.003921568627451
-0.003921568627451
-0.027450980392157
0.011764705882353
-0.050980392156863
-0.058823529411765
0.019607843137255
-0.019607843137255
0.035294117647059
0.043137254901961
-0.003921568627451
0.003921568627451
-0.027450980392157
-0.003921568627451
-0.003921568627451
-0.027450980392157
-0.121568627450980
0.011764705882353
-0.003921568627451
0.019607843137255
-0.019607843137255
0.019607843137255
-0.043137254901961
-0.137254901960784
0.027450980392157
-0.011764705882353
-0.011764705882353
0.003921568627451
0.011764705882353
-0.011764705882353
-0.003921568627451
0.043137254901961
-0.019607843137255
0.035294117647059
0.082352941176471
-0.027450980392157
0.011764705882353
-0.019607843137255
-0.066666666666667
0.003921568627451
-0.027450980392157
0.074509803921569
0.011764705882353
-0.003921568627451
0.003921568627451
0.003921568627451
-0.003921568627451
-0.003921568627451
0.011764705882353
0.043137254901961
-0.003921568627451
-0.003921568627451
-0.011764705882353
-0.043137254901961
0.011764705882353
-0.019607843137255
-0.011764705882353
0.011764705882353
0.011764705882353
-0.066666666666667
-0.050980392156863
0.011764705882353
-0.003921568627451
-0.074509803921569
-0.050980392156863
0.027450980392157
-0.019607843137255
0.074509803921569
0.074509803921569
-0.011764705882353
-0.011764705882353
0.058823529411765
0.035294117647059
-0.019607843137255
-0.003921568627451
-0.011764705882353
-0.003921568627451
-0.011764705882353
0.145098039215686
0.019607843137255
0.003921568627451
-0.003921568627451
-0.027450980392157
-0.003921568627451
-0.003921568627451
0.011764705882353
0.090196078431372
-0.003921568627451
-0.011764705882353
0.082352941176471
0.019607843137255
0.011764705882353
-0.027450980392157
-0.098039215686274
0.019607843137255
-0.019607843137255
0.011764705882353
0.019607843137255
-0.003921568627451
-0.003921568627451
0.011764705882353
0.011764705882353
0.003921568627451
-0.011764705882353
0.035294117647059
0.027450980392157
-0.003921568627451
-0.019607843137255
0.027450980392157
0.019607843137255
-0.011764705882353
0.027450980392157
-0.003921568627451
-0.003921568627451
0.003921568627451
-0.043137254901961
0.011764705882353
0.003921568627451
0.003921568627451
0.035294117647059
0.011764705882353
-0.011764705882353
0.003921568627451
0.011764705882353
0.003921568627451
0.003921568627451
-0.035294117647059
-0.011764705882353
0.003921568627451
0.003921568627451
0.058823529411765
0.011764705882353
-0.003921568627451
-0.003921568627451
-0.035294117647059
0.003921568627451
-0.003921568627451
-0.003921568627451
0.003921568627451
0.003921568627451
-0.003921568627451
0.027450980392157
-0.003921568627451
0.003921568627451
0.011764705882353
0.019607843137255
0.027450980392157
-0.011764705882353
0.011764705882353
-0.050980392156863
-0.043137254901961
0.019607843137255
-0.019607843137255
0.035294117647059
0.011764705882353
-0.003921568627451
-0.003921568627451
0.003921568627451
0.003921568627451
-0.003921568627451
0.011764705882353
-0.043137254901961
-0.011764705882353
-0.003921568627451
-0.035294117647059
0.011764705882353
0.003921568627451
0.003921568627451
-0.019607843137255
-0.027450980392157
0.011764705882353
-0.019607843137255
0.035294117647059
0.090196078431372
-0.011764705882353
0.003921568627451
0.019607843137255
-0.003921568627451
0.003921568627451
0.011764705882353
-0.043137254901961
-0.019607843137255
-0.003921568627451
0.003921568627451
-0.019607843137255
-0.019607843137255
0.011764705882353
-0.003921568627451
0.019607843137255
0.003921568627451
-0.011764705882353
0.003921568627451
-0.082352941176471
-0.035294117647059
0.019607843137255
-0.043137254901961
-0.027450980392157
0.003921568627451
-0.003921568627451
-0.003921568627451
0.043137254901961
0.003921568627451
-0.003921568627451
0.003921568627451
-0.003921568627451
0.003921568627451
-0.003921568627451
0.011764705882353
0.003921568627451
-0.003921568627451
0.003921568627451
-0.027450980392157
-0.019607843137255
0.003921568627451
-0.003921568627451
0.019607843137255
0.003921568627451
-0.003921568627451
-0.003921568627451
0.003921568627451
0.027450980392157
0.003921568627451
-0.011764705882353
0.027450980392157
-0.003921568627451
0.003921568627451
-0.003921568627451
0.027450980392157
0.011764705882353
-0.003921568627451
-0.003921568627451
0.019607843137255
-0.050980392156863
-0.003921568627451
-0.003921568627451
-0.003921568627451
0.058823529411765
-0.011764705882353
-0.003921568627451
0.011764705882353
0.027450980392157
-0.003921568627451
0.003921568627451
-0.019607843137255
0.027450980392157
0.003921568627451
0.003921568627451
-0.019607843137255
-0.043137254901961
0.011764705882353
-0.011764705882353
0.027450980392157
0.043137254901961
-0.011764705882353
-0.003921568627451
-0.003921568627451
0.011764705882353
0.003921568627451
0.003921568627451
-0.019607843137255
0.098039215686275
0.035294117647059
-0.011764705882353
0.011764705882353
-0.003921568627451
-0.019607843137255
0.011764705882353
-0.011764705882353
-0.027450980392157
-0.003921568627451
0.003921568627451
-0.003921568627451
-0.027450980392157
-0.003921568627451
0.003921568627451
0.011764705882353
-0.074509803921569
-0.050980392156863
0.003921568627451
-0.011764705882353
-0.003921568627451
-0.003921568627451
0.011764705882353
-0.019607843137255
0.050980392156863
0.058823529411765
-0.019607843137255
0.019607843137255
-0.019607843137255
-0.035294117647059
0.011764705882353
0.003921568627451
-0.019607843137255
-0.019607843137255
0.003921568627451
-0.003921568627451
0.011764705882353
0.019607843137255
-0.011764705882353
0.003921568627451
-0.011764705882353
-0.003921568627451
-0.003921568627451
-0.003921568627451
0.027450980392157
0.035294117647059
-0.019607843137255
0.011764705882353
-0.027450980392157
-0.043137254901961
0.011764705882353
-0.011764705882353
0.027450980392157
0.011764705882353
-0.003921568627451
-0.003921568627451
0.074509803921569
0.035294117647059
-0.011764705882353
0.011764705882353
-0.011764705882353
-0.011764705882353
0.003921568627451
-0.011764705882353
0.035294117647059
0.113725490196078
-0.019607843137255
0.003921568627451
-0.003921568627451
0.019607843137255
0.003921568627451
0.003921568627451
0.003921568627451
-0.098039215686274
-0.011764705882353
0.003921568627451
-0.050980392156863
-0.074509803921569
0.011764705882353
-0.011764705882353
-0.003921568627451
-0.043137254901961
-0.003921568627451
0.003921568627451
-0.011764705882353
0.027450980392157
-0.011764705882353
0.003921568627451
-0.011764705882353
-0.019607843137255
0.003921568627451
0.003921568627451
-0.003921568627451
-0.019607843137255
0.003921568627451
-0.003921568627451
0.019607843137255
-0.043137254901961
-0.027450980392157
0.003921568627451
0.019607843137255
-0.011764705882353
-0.058823529411765
0.011764705882353
-0.011764705882353
0.058823529411765
0.011764705882353
0.003921568627451
-0.003921568627451
0.019607843137255
0.003921568627451
-0.003921568627451
-0.011764705882353
0.019607843137255
0.050980392156863
-0.003921568627451
0.003921568627451
0.043137254901961
0.011764705882353
-0.003921568627451
-0.019607843137255
0.066666666666667
0.050980392156863
-0.011764705882353
0.019607843137255
-0.011764705882353
-0.027450980392157
0.019607843137255
-0.011764705882353
0.011764705882353
-0.027450980392157
-0.011764705882353
-0.003921568627451
0.003921568627451
-0.019607843137255
-0.050980392156863
0.011764705882353
-0.003921568627451
0.035294117647059
0.019607843137255
-0.003921568627451
-0.003921568627451
0.011764705882353
0.003921568627451
0.019607843137255
0.019607843137255
0.003921568627451
-0.035294117647059
-0.003921568627451
-0.003921568627451
0.003921568627451
-0.019607843137255
-0.035294117647059
0.011764705882353
-0.011764705882353
0.066666666666667
0.027450980392157
0.003921568627451
0.003921568627451
0.090196078431372
-0.011764705882353
0.003921568627451
-0.003921568627451
-0.058823529411765
0.019607843137255
-0.003921568627451
0.011764705882353
-0.035294117647059
0.003921568627451
0.003921568627451
-0.003921568627451
0.003921568627451
0.011764705882353
-0.019607843137255
0.019607843137255
-0.058823529411765
-0.082352941176471
0.019607843137255
-0.011764705882353
0.011764705882353
-0.011764705882353
-0.011764705882353
0.019607843137255
0.027450980392157
-0.003921568627451
0.003921568627451
-0.019607843137255
-0.003921568627451
0.003921568627451
-0.003921568627451
-0.027450980392157
-0.003921568627451
-0.003921568627451
0.003921568627451
-0.066666666666667
-0.019607843137255
0.003921568627451
-0.003921568627451
0.050980392156863
0.003921568627451
-0.003921568627451
-0.066666666666667
-0.003921568627451
0.003921568627451
-0.003921568627451
0.003921568627451
-0.003921568627451
0.011764705882353
-0.058823529411765
-0.019607843137255
0.011764705882353
-0.003921568627451
-0.011764705882353
-0.003921568627451
0.011764705882353
